name: hemoMIPs
channels:
  - Judowill
  - bioconda
  - conda-forge
  - defaults
dependencies:
  - bwa=0.7.10=0
  - bcftools=1.7=0
  - bx-python=0.7.4=np112py27_0
  - htslib=1.7=0
  - libdeflate=1.0=h470a237_0
  - mysql-connector-c=6.1.6=2
  - mysqlclient=1.3.10=py27_0
  - perl-app-cpanminus=1.7044=pl526_1
  - perl-archive-extract=0.76=pl526h470a237_4
  - perl-archive-zip=1.55=pl526_4
  - perl-bio-db-hts=2.7=pl526h9b5635b_2
  - perl-bioperl=1.6.924=4
  - perl-carp=1.38=pl526_1
  - perl-cgi=4.22=pl526h470a237_4
  - perl-class-inspector=1.28=pl526_2
  - perl-compress-raw-zlib=2.069=pl526ha92aebf_7
  - perl-constant=1.33=pl526_1
  - perl-dbd-mysql=4.033=pl526h470a237_3
  - perl-dbi=1.641=pl526_2
  - perl-digest-hmac=1.03=pl526_2
  - perl-encode=2.88=pl526_1
  - perl-encode-locale=1.05=pl526_6
  - perl-exporter=5.72=pl526_1
  - perl-exporter-tiny=1.000000=pl526_0
  - perl-extutils-makemaker=7.34=pl526_1
  - perl-file-copy-recursive=0.38=pl526h470a237_3
  - perl-file-fetch=0.56=pl526_0
  - perl-file-listing=6.04=pl526_1
  - perl-file-path=2.15=pl526_0
  - perl-file-sharedir=1.116=pl526_0
  - perl-file-sharedir-install=0.13=pl526_0
  - perl-file-temp=0.2304=pl526_2
  - perl-html-parser=3.72=pl526_3
  - perl-html-tagset=3.20=pl526_2
  - perl-http-cookies=6.01=pl526_1
  - perl-http-daemon=6.01=pl526_1
  - perl-http-date=6.02=pl526_2
  - perl-http-message=6.11=pl526_1
  - perl-http-negotiate=6.01=pl526_1
  - perl-io-html=1.001=pl526_2
  - perl-io-socket-ssl=2.024=pl526_1
  - perl-ipc-cmd=1.02=pl526_0
  - perl-ipc-system-simple=1.25=pl526h470a237_4
  - perl-libwww-perl=6.15=pl526_1
  - perl-list-moreutils=0.428=pl526_1
  - perl-list-moreutils-xs=0.428=pl526_0
  - perl-list-util=1.38=pl526_1
  - perl-locale-maketext-simple=0.21=pl526_1
  - perl-lwp-mediatypes=6.02=pl526_2
  - perl-lwp-protocol-https=6.07=pl526_4
  - perl-lwp-simple=6.15=pl526h470a237_4
  - perl-mime-base64=3.15=pl526_1
  - perl-module-corelist=5.20180626=pl526_0
  - perl-module-load=0.32=pl526_1
  - perl-module-load-conditional=0.68=pl526_2
  - perl-module-metadata=1.000019=pl526_1
  - perl-mozilla-ca=20160104=pl526_2
  - perl-net-http=6.09=pl526_1
  - perl-net-ssleay=1.84=pl526h9dad42d_1
  - perl-ntlm=1.09=pl526_3
  - perl-params-check=0.38=pl526_1
  - perl-parent=0.236=pl526_1
  - perl-socket=2.027=pl526_1
  - perl-statistics-descriptive=3.0612=pl526_2
  - perl-test-more=1.001002=pl526_1
  - perl-test-requiresinternet=0.05=pl526_0
  - perl-threaded=5.22.0=13
  - perl-time-hires=1.9758=pl526_0
  - perl-uri=1.71=pl526_3
  - perl-version=0.9924=pl526_0
  - perl-www-robotrules=6.02=pl526_2
  - perl-xsloader=0.24=pl526_0
  - perl-yaml=1.26=pl526_0
  - pysam=0.14.1=py27_htslib1.7_0
  - samtools=1.7=2
  - variant-effect-predictor=87=0
  - bzip2=1.0.6=h470a237_2
  - ca-certificates=2018.8.13=ha4d7672_0
  - certifi=2018.8.13=py27_0
  - curl=7.61.0=h93b3f91_1
  - krb5=1.14.6=0
  - libgcc=7.2.0=h69d50b8_2
  - libgcc-ng=7.2.0=hdf63c60_3
  - libgfortran-ng=7.2.0=hdf63c60_3
  - libssh2=1.8.0=h5b517e9_2
  - libstdcxx-ng=7.2.0=hdf63c60_3
  - ncurses=5.9=10
  - openssl=1.0.2o=h470a237_1
  - perl=5.26.2=h470a237_0
  - pip=18.0=py27_1
  - python=2.7.15=0
  - readline=7.0=0
  - setuptools=40.0.0=py27_1
  - sqlite=3.20.1=2
  - tk=8.6.8=0
  - wheel=0.31.1=py27_1
  - xz=5.2.4=h470a237_1
  - zlib=1.2.11=h470a237_3
  - intel-openmp=2018.0.3=0
  - mkl=2018.0.3=1
  - numpy=1.12.1

